sdm_x = [0 0.01 0.015 0.02 0.025 0.03 0.035 0.04 0.045 0.05 0.055 0.06 0.07 0.08 0.09 0.1];
sdm_y = [0 0 0.02 0.055 0.16 0.42 0.62 0.74 0.805 0.85 0.87 0.88 0.9 0.91 0.915 0.92];

ert_x = [0 0.01 0.015 0.02 0.025 0.03 0.035 0.04 0.045 0.05 0.055 0.06 0.07 0.08 0.09 0.1];
ert_y = [0 0 0.012 0.055 0.1 0.24 0.48 0.66 0.76 0.82 0.85 0.87 0.89 0.905 0.915 0.92];

rcpr_x = [0 0.01 0.015 0.02 0.025 0.03 0.035 0.04 0.045 0.05 0.055 0.06 0.07 0.08 0.09 0.1];
rcpr_y = [0 0 0.08 0.315 0.5 0.615 0.68 0.745 0.78 0.81 0.835 0.845 0.865 0.875 0.885 0.89];

cfss_x = [0 0.01 0.015 0.02 0.025 0.03 0.035 0.04 0.045 0.05 0.055 0.06 0.07 0.08 0.09 0.1];
cfss_y = [0 0 0.07 0.24 0.43 0.575 0.67 0.73 0.775 0.81 0.835 0.85 0.875 0.89 0.9 0.905];

lbf_x = [0 0.01 0.015 0.02 0.025 0.03 0.035 0.04 0.045 0.05 0.055 0.06 0.07 0.08 0.09 0.1];
lbf_y = [0 0 0.04 0.175 0.345 0.495 0.6 0.685 0.74 0.78 0.81 0.83 0.87 0.88 0.89 0.9];

grf_lbf_x = [0 0.01 0.015 0.02 0.025 0.03 0.035 0.04 0.045 0.05 0.055 0.06 0.07 0.08 0.09 0.1];
grf_lbf_y = [ 0 0 0.1 0.37 0.58 0.72 0.78 0.84 0.875 0.89 0.905 0.92 0.94 0.955 0.96 0.97]; 

ccl_x = [0 0.01 0.015 0.02 0.025 0.03 0.035 0.04 0.045 0.05 0.055 0.06 0.07 0.08 0.09 0.1];
ccl_y = [0 0 0.11 0.425 0.675 0.81 0.87 0.89 0.923 0.932 0.945 0.955 0.96 0.965 0.975 0.98];

daccsr_x =  [0 0.005 0.01 0.015 0.02 0.025 0.03 0.035 0.04 0.045 0.05 0.055 0.06 0.065 0.07 0.075 0.08 0.085 0.09 0.095 0.1];
daccsr_y = [0 0 0.04628 0.3399 0.6202 0.7768 0.8593 0.9065 0.9332 0.9492 0.9585 0.9675 0.9722 0.9756 0.9777 0.9788 0.9810 0.9825 0.9848 0.9863 0.9876];
